287.358 86.9684
357.073 220.793
103.845 268.859
359.469 220.743
338.427 66.9987
326.427 73.1005
289.137 48.4815
326.546 73.1214
301.662 75.0127
299.889 70.8562
290.24 45.7126
313.313 115.691
312.936 204.849
320.618 62.9538
303.01 75.5929
299.654 122.293
93.7421 280.958
313.889 134.809
324.006 85.1329
311.553 203.844
92.4051 280.341
243.2 433.352
314.058 133.98
572.815 214.149
83.5089 269.839
92.8693 259.384
93.9838 257.771
399.915 159.251
506.251 203.807
508.22 202.147
454.527 144.286
488.443 215.757
291.427 120.82
305.334 126.45
238.117 287.175
299.163 107.694
345.085 183.261
275.829 95.5197
275.998 96.2674
243.146 175.089
334.514 118.52
298.309 111.107
405.975 237.637
95.4691 252.638
140.755 447.256
148.186 452.953
283.835 103.928
405.349 236.828
238.864 327.337
559.992 126.214
346.429 209.6
93.8157 317.307
357.072 201.517
357.738 200.234
299.341 106.942
235.452 318.202
554.448 131.891
480.784 204.44
557.663 128.876
550.663 136.566
172.926 443.958
318.192 115.692
248.154 274.332
335.92 159.634
544.643 144.109
521.98 212.817
308.644 114.118
332.68 210.776
233.966 338.997
219.329 334.964
341.399 221.805
332.912 213.687
489.648 203.76
332.789 138.118
521.906 212.32
251.165 212.088
306.367 86.8892
284.312 62.7578
479.234 202.315
266.847 422.465
298.911 288.164
335.861 213.559
479.963 204.371
476.288 202.382
244.912 447.081
484.918 203.466
311.265 308.581
437.188 438.565
212.63 351.928
185.9 430.784
238.687 306.834
454.706 440.577
490.046 203.578
335.482 207.01
89.4536 318.75
257.705 442.772
246.415 459.596
224.751 360.373
195.143 441.173
114.722 272.159
266.928 333.026
269.839 188.688
264.889 311.706
325.278 264.804
316.528 371.438
148.761 274.963
49.6979 457.18
269.761 366.037
146.943 274.895
97.1776 246.935
173.654 431.329
266.573 318.585
225.025 373.899
114.792 449.713
207.463 417.456
271.187 92.3348
246.146 265.546
115.092 448.526
233.673 382.372
173.117 430.849
232.622 337.502
244.022 348.042
367.118 248.404
338.674 285.75
48.9349 456.862
496.18 231.31
234.493 399.834
298.142 279.899
226.356 394.188
264.254 456.877
254.417 284.041
90.9454 351.196
437.12 467.535
205.111 416.471
313.713 232.429
245.316 284.911
262.161 323.28
260.124 430.401
30.2426 451.915
330.267 220.566
195.931 447.589
359.182 254.099
193.009 406.737
30.0571 451.034
94.6494 230.701
358.706 284.16
116.656 460.003
156.287 457.936
129.353 272.01
225.007 155.876
93.6659 230.057
56.4854 453.243
218.677 398.686
549.182 211.299
237.115 151.655
305.002 86.9236
351.285 203.215
258.83 444.074
346.759 46.635
256.6 416.738
219.959 326.67
510.942 191.096
281.436 329.805
116.442 461.82
97.6749 262.981
279.213 340.875
324.53 155.591
250.037 311.066
99.4668 243.304
257.343 364.969
399.738 269.22
237.209 150.899
153.511 447.734
320.109 135.208
193.167 406.667
247.685 295.483
278.091 233.844
129.539 453.984
256.67 345.881
288.795 424.911
281.612 95.1418
297.501 352.186
258.517 389.087
324.12 159.856
234.093 356.165
381.2 215.965
247.681 414.616
269.63 236.559
270.986 80.4433
322.711 316.156
355.514 387.696
349.985 257.095
221.748 163.656
193.232 449.158
258.483 250.781
246.754 384.495
249.571 377.925
616.245 359.962
291.69 339.528
472.702 240.597
412.368 70.8714
381.844 215.461
81.9498 240.653
289.787 127.489
355.658 61.353
331.892 266.424
246.167 337.083
258 315.135
357.635 240.855
289.825 128.04
584.16 187.523
445.858 432.841
327.597 286.423
430.324 359.639
305.575 330.164
356.461 166.803
314.924 351.813
580.419 186.79
484.56 214.121
201.279 372.776
368.429 255.727
81.6839 240.595
343.453 55.068
165.576 448.131
281.514 341.87
278.692 257.989
307.859 339.103
231.213 195.651
398.105 291.984
212.046 340.151
412.694 422.221
79.9693 333.746
280.864 458.949
274.909 74.3968
80.232 333.401
206.461 446.244
317.116 223.82
246.892 402.718
248.842 403.73
346.425 443.769
341.819 148.584
559.55 221.139
304.326 299.101
573.245 125.068
474.552 457.753
242.988 316.29
228.308 195.9
295.573 236.08
358.529 273.91
287.343 391.659
409.35 464.281
246.667 377.996
97.8354 234.086
356.265 167.186
164.35 447.258
248.246 402.125
560.588 222.984
291.975 438.461
386.768 362.58
289.708 256.704
181.901 411.033
289.104 390.345
276.971 358.959
366.736 240.841
365.252 304.308
578.018 187.111
334.431 327.186
236.587 446.966
230.889 371.278
539.718 217.796
592.309 326.465
353.638 243.952
231.195 419.208
331.29 259.704
193.249 381.937
283.239 371.61
198.989 458.296
351.256 303.823
275.811 388.05
231.342 371.177
336.489 276.067
575.828 124.261
311.405 316.385
479.725 215.038
273.474 280.865
222.749 327.668
327.022 351.459
254.219 240.172
353.858 242.512
334.789 317.889
342.165 238.937
152.639 440.773
303.866 318.896
252.679 377.832
214.926 362.903
182.644 420.258
101.356 455.557
191.849 411.422
214.222 429.679
446.039 77.0475
557.054 219.546
326.514 352.713
369.994 274.895
333.138 414.404
588.497 188.481
228.285 434.863
41.7391 452.629
279.64 417.393
324.631 154.873
250.293 415.339
288.189 365.887
188.94 395.758
308.878 327.863
228.786 296.05
236.878 436.77
334.31 90.9189
271.114 377.014
413.19 359.291
346.186 329.681
297.295 383.635
446.119 445.892
277.259 404.902
253.862 31.1666
271.999 293.021
593.36 446.937
260.84 426.986
343.856 306.623
290.287 378.758
411.811 464.479
230.17 435.078
311.273 221.755
408.173 401.055
422.931 378.16
342.805 315.118
256.393 202.474
319.28 450.911
213.523 461.299
226.257 335.599
249.136 303.478
327.517 305.326
445.572 432.249
348.788 275.054
269.574 301.211
253.065 401.326
305.285 388.732
247.004 208.966
273.019 389.742
339.123 293.405
341.695 355.051
187.996 405.031
626.386 69.3236
60.6837 449.258
550.118 270.761
481.629 350.18
284.803 288.871
279.875 370.878
277.837 363.562
614.515 373.59
252.391 335.174
205.879 450.138
377.214 384.079
468.413 51.3506
429.277 432.93
236.964 14.9679
134.633 277.062
246.281 412.902
333.109 400.238
426.982 444.143
16.9889 457.115
487.619 236.15
291.761 460.317
251.821 304.137
467.126 433.801
308.454 440.519
531.886 361.262
449.694 109.891
358.376 241.257
350.636 263.959
432.144 152.049
266.606 291.365
536.095 211.168
205.263 358.807
289.929 376.016
285.375 365.079
497.019 300.81
551.278 412.317
242.327 176.704
335.692 244.24
308.234 246.33
292.192 330.713
188.449 438.486
200.439 396.933
315.914 295.928
347.824 283.144
337.294 413.227
286.234 402.003
232.532 393.513
257.204 404.547
274.697 416.317
287.605 247.953
346.034 288.913
225.739 354.964
507.312 301.089
226.95 325.91
311.411 286.15
32.7054 351.874
468.681 434.043
213.03 456.988
433.492 152.442
125.432 447.185
544.208 265.511
264.164 413.689
489.134 255.649
32.9801 351.8
269.954 464.33
382.869 305.289
609.617 42.3671
289.066 353.604
238.831 358.09
491.553 305.786
308.288 363.971
307.421 379.662
381.492 411.057
369.989 418.482
284.535 464.812
205.663 357.537
254.976 454.817
434.052 285.909
344.009 159.136
395.366 441.932
410.119 372.646
205.92 450.472
249.74 441.741
194.832 404.123
240.31 328.996
315.66 105.905
419.275 450.34
276.051 375.95
194.691 387.392
307.867 228.822
420.434 293.555
303.313 461.976
537.435 211.592
372.842 426.684
591.489 446.597
410.906 370.425
26.9924 464.108
304.999 461.546
444.388 265.083
514.169 313.251
343.689 250.437
225.117 341.732
324.586 258.131
383.528 291.743
591.419 33.3708
305.883 254.197
438.761 379.869
262.612 414.733
305.817 270.424
249.081 439.959
421.528 293.383
273.518 308.076
618.352 167.277
322.304 254.007
394.73 396.89
374.631 317.827
479.513 22.4776
431.853 374.024
179.258 411.764
394.647 372.143
342.394 300.656
222.009 323.679
252.381 441.21
307.665 72.0505
193.14 389.507
341.945 167.267
469.308 253.269
82.2012 301.677
430.195 275.588
596.778 313.519
296.746 418.145
359.987 232.093
227.866 355.248
304.066 236.042
223.01 428.279
379.118 241.386
393.42 441.768
82.6283 299.474
266.33 404.75
327.265 339.217
527.46 287.025
306.071 377.489
245.376 28.9531
418.859 452.904
398.767 427.27
410.752 370.816
540.943 327.003
224.854 303.141
411.324 290.126
590.473 232.871
320.111 148.068
294.469 398.209
347.843 158.207
470.894 404.841
279.676 429.467
396.572 217.297
421.659 285.839
220.011 387.969
381.993 245.913
316.959 406.103
257.527 328.014
435.258 387.957
238.433 90.7518
621.936 297.35
397.051 427.101
472.938 287.843
382.218 98.0341
253.784 428.802
396.228 217.169
283.1 81.3432
348.017 380.728
394.087 386.164
287.742 288.643
438.741 322.174
289.726 446.251
574.741 240.016
479.88 390.581
39.3527 223.942
622.759 298.44
384.135 249.776
313.254 286.328
334.755 380.157
594.91 242.225
331.78 249.4
246.545 28.5272
243.632 320.473
515.244 253.04
222.476 410.2
460.268 80.7462
361.896 63.1316
322.473 269.612
195.001 385.778
263.643 282.55
139.9 451.166
257.686 185.956
437.25 59.6617
80.1191 265.741
263.23 85.1537
444.36 326.908
467.96 434.073
585.556 320.701
458.361 74.9975
217.868 431.53
491.582 304.405
469.412 404.72
470.46 245.904
235.982 388.995
394.986 439.673
400.093 317.737
516.429 277.319
274.592 320.752
397.902 279.01
303.161 433.646
259.981 346.028
503.982 288.818
315.423 252.15
278.563 428.375
304.507 404.006
411.435 305.43
469.057 297.174
389.833 96.6064
587.499 291.082
383.28 397.978
362.551 394.888
234.789 360.253
624.238 208.552
414.876 385.388
378.212 116.631
490.756 275.044
462.244 366.958
396.095 442.408
527.086 214.363
435.565 260.192
374.016 283.059
303.908 410.357
238.1 24.5376
324.595 258.997
214.787 412.425
306.955 238.61
193.495 387.705
380.179 316.545
250.209 391.502
206.929 343.351
472.139 60.3603
349.072 401.41
278.495 444.784
174.77 460.254
276.881 444.86
196.022 431.507
315.424 433.049
402.462 414.619
278.896 260.34
413.3 331.979
380.486 316.423
595.946 23.7609
349.951 295.639
417.784 393.135
231.795 396.072
457.427 74.3786
319.058 329.726
599.643 214.071
446.988 409.574
493.504 293.109
550.344 254.678
379.128 356.99
369.074 262.648
462.158 450.603
425.308 319.967
495.709 406.619
519.1 408.421
333.678 436.891
596.129 36.9392
305.385 277.082
400.098 300.174
467.699 298.571
324.549 419.734
301.34 445.064
323.314 419.655
436.689 66.7068
434.469 295.078
523.836 314.739
355.115 100.128
410.567 383.552
397.211 454.602
326.795 323.331
233.733 395.641
270.455 240.954
333.67 334.213
374.463 441.641
317.67 260.895
394.515 303.106
446.037 446.376
332.293 295.827
257.613 186.689
590.759 435.662
410.837 287.489
57.9248 219.34
615.006 64.6198
236.241 96.0234
347.804 453.177
228.163 299.105
326.978 246.763
414.621 332.07
145.404 461.003
235.761 23.5252
286.09 446.412
576.329 153.651
246.83 16.5442
321.234 442.503
493.141 405.632
462.817 461.909
390.198 281.991
42.8098 127.072
381.244 76.0584
367.671 81.9507
474.058 311.503
321.179 285.146
341.932 249.98
319.554 172.904
491.658 364.752
479.413 53.1382
306.403 225.878
539.277 244.082
402.383 426.486
431.355 417.913
263.848 84.6774
323.011 406.843
273.062 390.062
341.01 237.415
408.694 412.024
527.414 265.981
205.086 343.629
479.113 235.757
484.402 288.292
453.999 419.992
329.164 294.862
277.452 415.472
375.24 203.815
398.499 317.342
344.995 409.456
286.275 353.067
582.58 348.263
468.063 273.65
234.978 22.1009
623.338 313.198
478.99 243.261
469.973 362.805
329.152 391.281
614.86 62.9799
223.29 333.755
206.988 458.176
296.199 429.991
544.975 319.771
384.928 272.5
321.306 441.93
454.351 127.694
469.678 372.485
620.407 420.43
341.287 387.973
436.938 346.043
535.923 270.51
265.39 250.982
222.11 397.292
389.458 419.752
316.285 106.39
439.47 258.603
317.729 247.227
436.496 67.8776
329.87 447.699
49.998 427.934
359.166 455.116
482.941 299.864
490.805 337.287
562.89 228.316
297.91 409.407
492.946 428.629
225.394 349.953
596.933 237.503
515.388 245.261
263.829 375.626
55.0675 264.961
220.794 418.71
326.387 406.322
479.357 359.846
405.442 358.131
608.386 321.621
455.531 124.98
282.794 78.4363
248.958 158.512
217.424 385.133
485.835 298.001
424.296 305.999
331.593 182.547
38.8052 247.779
353.683 423.19
425.247 296.916
413.59 460.196
380.749 397.619
346.214 88.8527
497.884 264.823
373.867 294.002
304.043 446.089
270.585 240.034
468.402 260.507
506.579 211.962
390.906 343.029
406.457 411.888
61.1153 123.002
371.979 293.233
449.348 335.121
358.21 355.159
262.275 248.973
267.184 260.477
338.058 435.512
325.122 365.919
340.693 435.581
410.228 33.7208
191.115 391.55
231.026 89.6963
351.241 148.955
328.778 246.566
332.468 380.637
482.823 56.9227
357.11 101.15
536.048 408.924
314.628 249.981
486.022 436.749
444.92 385.079
471.097 274.012
51.2701 406.455
414.276 384.835
244.059 291.079
366.12 438.059
399.063 406.484
302.136 403.667
576.036 154.497
409.453 442.894
230.201 280.835
455.455 399.997
49.3616 429.431
260.31 413.902
335.854 436.988
446.066 283.858
392.706 340.951
380.27 262.992
435.699 279.405
609.629 280.05
327.825 238.134
79.794 317.147
430.218 423.602
279.832 114.672
271.687 102.164
478.55 255.275
624.098 387.369
538.015 208.697
79.9911 325.949
360.897 438.856
274.701 18.0936
406.456 32.6628
53.6124 312.288
81.8583 296.156
400.879 405.666
64.7472 20.0475
326.135 407.587
328.375 238.272
286.388 458.201
62.5262 79.3572
443.321 371.076
459.83 110.521
308.259 141.146
362.28 329.237
294.516 238.871
41.7415 143.16
417.439 450.97
305.996 223.604
359.28 328.694
502.028 437.949
318.944 296.982
553.946 251.591
318.502 433.981
355.1 244.857
455.956 464.741
401.097 329.874
380.251 354.161
336.914 192.767
574.041 153.873
557.344 276.298
354.089 415.55
41.57 141.35
279.886 230.916
531.833 254.348
517.61 406.345
222.199 323.541
55.202 266.84
298.363 328.012
446.833 334.601
228.128 211.964
143.954 457.272
319.923 376.538
600.929 313.231
307.888 241.801
349.063 373.37
318.296 241.637
394.338 382.111
562.448 253.353
347.532 136.082
543.383 396.888
63.4761 52.747
361.158 409.842
331.779 379.37
508.211 336.886
298.488 432.105
594.23 25.0465
51.5162 391.346
351.069 90.8423
175.361 453.962
465.726 87.6198
505.104 254.717
363.294 149.014
376.849 395.144
529.102 254.948
450.436 86.4284
488.318 275.478
398.576 454.791
606.267 232.824
260.805 254.475
524.981 299.27
41.7256 160.401
519.804 255.158
292.017 238.872
81.2746 459.422
557.313 448.889
479.087 234.415
591.873 307.771
301.314 432.696
492.132 324.578
520.67 366.083
395.308 428.837
611.531 411.733
315.782 330.073
281.958 432.964
460.637 375.206
429.438 460.444
317.328 461.313
536.462 277.347
355.919 368.177
574.127 155.288
8.49051e+37 5.24402e+36
1.38425e+25 1.04375e-08
0.000160374 70988.9
6.11681e-13 3.3464e+24
0.059956 2.57848e-09
8.38938e+37 -3.2383e-33
-4.79417e-38 -1.93236e-37
5.88323e+07 4.38342e-08
6.5227e-10 -8.676e-25
6.41472e-10 0.00016515
7.35924e+19 6.4465e-10
1.03459e+21 3.08596e+32
-4.69247e-38 -1.18014e-38
3.25145e+35 4.86197e+30
4.22497e-05 2.94627e-09
1.73585e-07 1.5292e-13
-6.51571e-11 1.06094e-08
6.25946e-13 1.38455e+10
-3.48945e-30 -5.66232e-29
3.23841e+35 3.25145e+35
1.6194e+28 1.04897e-08
243.592 3.9835e-11
-7.18615e-22 1.60382e-10
1.59329e-10 -9.6649e-16
3.19917e+35 -1.99373e-34
2.01586e+34 1.23444e+33
1.99926e+34 7.81072e+31
4.07883e-08 1.28369e-08
10.5735 5.08407e-11
6.18869e-13 6.35241e+37
7.71527e+31 3.09878e+32
-2.08465e-34 235014
1.45735e-43 0
